1 999999
4379 6170
500 85500
20020 10002
128251 129993
905554 912164
905554 912169
640640 660265
640642 660265
691894 756450
756448 769305
756450 769306
756450 769343
597687 599305
597686 599302
597686 601327
597686 601326
773247 726811
655871 661281
679762 108009
836862 838683
836863 828681
542521 546683
883903 620542
621842 541389
616142 430121
963113 845223
731704 696623
503777 469649
846340 771004
693161 469649
100002 233409
231230 299932
938472 203821
293420 284720
209348 294702
309420 100456
343842 510093
583948 123
32 99318
3492 20934
434828 88311
342384 233
342 234
343 34234
3435 767
1295 95999
5398 43443
39394 99838
609052 734837
307519 801192
116910 99018
156999 768894
95316 75488
91568 2094
4529 377
2747 3272
7166 9545
26 831
327 340
84 214
96470 62797
84035 58213
771945 809835
278483 981421
155109 94347
55443 43132
44004 53284
56790 58379
95306 95412
85267 84313
106954 252569
29444 567145
84295 535193
650667 990644
817821 863398
168292 375503
525705 529543
325829 463053
5124 759052
220531 301375
706711 743976
310962 883499
285305 866994
404728 981294
326327 427114
483093 614852
747052 888760
87802 352066
128615 665677
640744 917691
44581 468509
140266 443455
654675 880835
100614 344208
180512 812362
488823 811739
623633 779574
24074 29244
84498 715530
509921 863461
82603 379681
689475 958581
225725 893325
945507 965384
373749 960239
75230 691278
214791 934113
196479 758724
261977 754326
5577 598976
736235 865256
186793 868243
300436 827514
505143 896661
593093 854775
494745 756080
21500 959917
209252 993577
547624 749620
597351 650546
491975 661809
185282 895933
330076 960201
52432 321267
24366 443292
256198 411223
38797 452110
295063 696220
153474 858833
363859 663203
204817 269990
173842 339849
132878 475701
436487 996628
642369 681718
752334 866841
330377 957085
658736 863154
701002 779487
718145 817353
25893 460970
412801 436738
87901 606196
544911 552915
275393 967982
347684 769791
775523 833268
194310 898710
267601 338892
445105 998185
354108 729084
479936 738356
325330 350719
92393 108746
582090 705382
115808 872158
13040 832285
171437 284387
105872 510526
211850 355193
62035 417181
354987 947670
522966 619635
121582 226222
374564 936714
181471 602062
454202 792665
632777 665414
186938 975702
921471 999523
